    # goal_state = [[1, 2], [3, 0]]
    # init_state = [[0, 3], [2, 1]]

    # lecture test state
    # goal_state = [[1, 2, 3], [4, 0, 5], [6, 7, 8]]
    # init_state = [[2, 4, 3], [1, 7, 5], [6, 0, 8]]

    # goal_state = [[1, 2, 3], [4, 5, 6], [7, 8, 0]]
    # init_state = [[1, 8, 0], [4, 3, 2], [5, 7, 6]]

    # assignment 5x5
    init_state = [[9, 24, 3, 5, 17],
                 [6, 0, 13, 19, 10],
                 [11, 21, 22, 1, 20],
                 [16, 4, 14, 12, 15],
                 [8, 18, 23, 2, 7]]

    goal_state = [[1, 2, 3, 4, 5],
                 [6, 7, 8, 9, 10],
                 [11, 12, 13, 14, 15],
                 [16, 17, 18, 19, 20],
                 [21, 22, 23, 24, 0]]

    # 3x3 from http://www.castleviewuk.com/stp_bk_3x3.html
    # goal_state = [[1, 2, 3], [4, 5, 6], [7, 8, 0]]
    # goal_state = [[0, 1, 2], [3, 4, 5], [6, 7, 8]]
    # init_state = [[0, 5, 4], [2, 4, 6], [7, 8, 1]]

    # 4x4
    # goal_state = [[1, 2, 3, 4],
    #               [5, 6, 7, 8],
    #               [9, 10, 11, 12],
    #               [13, 14, 15, 0]]
    #
    # init_state = [[10, 3, 6, 4],
    #               [1, 5, 8, 0],
    #               [2, 13, 7, 15],
    #               [14, 9, 12, 11]]

    # 5x5 from http://www.castleviewuk.com/stp_bk_5x5.html
    # init_state = [[22, 16, 24, 1, 9],
    #              [17, 13, 21, 18, 15],
    #              [7, 10, 11, 8, 12],
    #              [5, 2, 23, 3, 20],
    #              [4, 19, 14, 6, 0]]
    #
    # goal_state = [[1, 2, 3, 4, 5],
    #              [6, 7, 8, 9, 10],
    #              [11, 12, 13, 14, 15],
    #              [16, 17, 18, 19, 20],
    #              [21, 22, 23, 24, 0]]

    # 6x6 from http://www.castleviewuk.com/stp_bk_6x6.html
    # init_state = [[34, 32, 5, 2, 35, 21],
    #               [17, 6, 30, 18, 11, 7],
    #               [8, 4, 1, 33, 10, 19],
    #               [14, 31, 13, 24, 20, 15],
    #               [27, 26, 16, 22, 23, 9],
    #               [29, 28, 25, 3, 12, 0]]
    #
    # goal_state = [[1, 2, 3, 4, 5, 6],
    #               [7, 8, 9, 10, 11, 12],
    #               [13, 14, 15, 16, 17, 18],
    #               [19, 20, 21, 22, 23, 24],
    #               [25, 26, 27, 28, 29, 30],
    #               [31, 32, 33, 34, 35, 0]]